658849374931257088
865364033933475840
3479040350142617600
5651491981371393
299342047215616
6054535666572722209
16141046205001115650
74777662851584
88102798426179
576471816206844051
17596627877952
2305851841595851280
2314854624265242624
4918355213470990408
2645868679204
705908141605378
4915820006983402020
10953318000438366472
3675501349728289284
20406970204831749
721701842448287760
281632011981056
2594636611372188674
283820033508352
1201354966566936
13918981580151392256
2306548896484434432
1130297966002688
2533345674149888
578716400425631876
586668895079892512
53059132655191552
1301544707639216128
586611456804652032
19142518983098944
4505800798635136
306245878467970052
2922853786856866116
2252904158808080
4613939474085249088
10144103955206147
9250957177965780992
4611967927212576768
4112913598542530560
38324856474831872
4764949800409956416
149889874751652416
4613696067421080068
81206150062691264
1154896812209996037
292125147200
216735736429872128
589971757377651840
1484507892006390272
9241439256113602688
22537823722741921
36314678665741568
2207648466444
1765411612594309120
6917529027647408129
580966001477184000
18015773067084032
63091832896225408
9241474447843033142
