972777590383181984
306249448390959104
216182698120585216
2341876513517863042
144130581373149200
72063091663208968
1225014905789349892
11565247830965895424
4775082260661543044
288512126149132320
2306406028994158720
2414070206487091200
22658769986257536
10414591334949480
144397779777618176
307652153839751266
1171042005996847104
10394391777743212546
1157425654267142144
1166433953027457664
704237398919169
563499776376838
4611690416508502280
439982772003808321
70375186636928
35185446146056
10448914231485022336
2603370857845755904
148900885450719524
16325832118110212
5044321870908818960
3324305752196
70369289437312
580974384986980416
2306410907271446560
216314138085820416
9242666269054863360
76985607309493248
6134201796215712002
2555539095684
45106382877327360
2342435310373306432
141021024485408
31526303883657272
1297093867421597824
581527370670932104
1765500148999520262
9011633822236707
252272087464477440
3458914872038326528
2386925405431922816
9405804105849372928
1190687534426914944
9227880034562244736
360428720564600960
140741783339392
563499979784450
18014540311593025
70439611793442
4504563998524433
18295890800291963
2883148195180052545
5764617727885969924
4683748013334659206
